"2014-10-15 12:40:00",1,122,1,10,17.88,71.25,205.7,90.7000,0.25,174.1,0,0,0,0,0,0,1,68.15,0,0
"2014-10-15 12:40:00",1,122,4,10,13.03,19.92,0
"2014-10-15 12:40:00",1,122,23,10,39.33
"2014-10-15 12:40:00",1,122,32,10,NAN
"2014-10-15 12:50:00",1,122,1,10,18.08,116,123.4,77.06,0,0,0,0,0,0,0,0,0.643,71.38,0,0
"2014-10-15 12:50:00",1,122,4,10,13.04,20.05,0
"2014-10-15 12:50:00",1,122,23,10,38.45
"2014-10-15 12:50:00",1,122,32,10,NAN
"2014-10-15 13:00:00",1,122,1,10,18.39,105.9,157.7,104.3,0,0,0,0,0,0,0,0,1,68.11,0,0
"2014-10-15 13:00:00",1,122,4,10,13.04,20.15,0
"2014-10-15 13:00:00",1,122,1,60,68.11,0,0
"2014-10-15 13:00:00",1,122,22,60,0.218,0.308,0.254,520,595.4,550.2
"2014-10-15 13:00:00",1,122,23,10,40.01
"2014-10-15 13:00:00",1,122,31,60,0,0
"2014-10-15 13:00:00",1,122,32,10,NAN
"2014-10-15 13:10:00",1,122,1,10,17.91,78.71,75.43,63.46,0.25,69.6200,0,0,0,0,0,0,0.786,72.8700,0,0
"2014-10-15 13:10:00",1,122,4,10,13.02,20.26,0
"2014-10-15 13:10:00",1,122,23,10,39.95
"2014-10-15 13:10:00",1,122,32,10,NAN
"2014-10-15 13:20:00",1,122,1,10,18.39,75.32,61.72,49.86,0.5,288.3,0,0,0,0,0,0,0.5,67.9800,0,0
"2014-10-15 13:20:00",1,122,4,10,13.01,20.29,0
"2014-10-15 13:20:00",1,122,23,10,41.17
"2014-10-15 13:20:00",1,122,32,10,NAN
"2014-10-15 13:30:00",1,122,1,10,18.32,72.6,75.43,49.86,0.7500,182.6,0,0,0,0,0,0,0.7500,71.71,0,0
"2014-10-15 13:30:00",1,122,4,10,12.99,20.24,0
"2014-10-15 13:30:00",1,122,23,10,45.11
"2014-10-15 13:30:00",1,122,32,10,NAN
"2014-10-15 13:40:00",1,122,1,10,18.25,77.35,109.7,54.39,0.25,255.6,0,0,0,0,0,0,0.5,67.57,0,0
"2014-10-15 13:40:00",1,122,4,10,12.99,20.15,0
"2014-10-15 13:40:00",1,122,23,10,43.75
"2014-10-15 13:40:00",1,122,32,10,NAN
"2014-10-15 13:50:00",1,122,1,10,18.22,63.1,82.3,45.33,0,0,0,0,0,0,0,0,0.643,69.34,0,0
"2014-10-15 13:50:00",1,122,4,10,12.98,20.05,0
"2014-10-15 13:50:00",1,122,23,10,42.33
"2014-10-15 13:50:00",1,122,32,10,NAN
"2014-10-15 14:00:00",1,122,1,10,18.12,86.2000,96,45.33,0,0,0,0,0,0,0,0,0.7500,72.39,0,0
"2014-10-15 14:00:00",1,122,4,10,12.97,19.92,0
"2014-10-15 14:00:00",1,122,1,60,72.39,0,0
"2014-10-15 14:00:00",1,122,22,60,0.217,0.307,0.254,519.6,594.8,550.6
"2014-10-15 14:00:00",1,122,23,10,43.14
"2014-10-15 14:00:00",1,122,31,60,0,0
"2014-10-15 14:00:00",1,122,32,10,NAN
"2014-10-15 14:10:00",1,122,1,10,18.32,92.3,226.3,40.8,0,0,0,0,0,0,0,0,1.25,66.45,0,0
"2014-10-15 14:10:00",1,122,4,10,12.97,19.86,0
"2014-10-15 14:10:00",1,122,23,10,43.82
"2014-10-15 14:10:00",1,122,32,10,NAN
"2014-10-15 14:20:00",1,122,1,10,18.08,49.53,68.58,31.73,0.25,275.7,0,0,0,0,0,0,0.5,69.68,0,0
"2014-10-15 14:20:00",1,122,4,10,12.96,19.81,0
"2014-10-15 14:20:00",1,122,23,10,42.8
"2014-10-15 14:20:00",1,122,32,10,NAN
"2014-10-15 14:30:00",1,122,1,10,17.85,49.53,68.58,27.2,0,0,0,0,0,0,0,0,1,71.85,0,0
"2014-10-15 14:30:00",1,122,4,10,12.94,19.7,0
"2014-10-15 14:30:00",1,122,23,10,41.17
"2014-10-15 14:30:00",1,122,32,10,NAN
"2014-10-15 14:40:00",1,122,1,10,17.78,42.75,54.86,22.66,0,0,0,0,0,0,0,0,0.5,71.31,0,0
"2014-10-15 14:40:00",1,122,4,10,12.93,19.57,0
"2014-10-15 14:40:00",1,122,23,10,42.46
"2014-10-15 14:40:00",1,122,32,10,NAN
"2014-10-15 14:50:00",1,122,1,10,17.71,41.39,54.86,22.66,0.5,168.5,0,0,0,0,0,0,0.7500,69.78,0,0
"2014-10-15 14:50:00",1,122,4,10,12.93,19.42,0
"2014-10-15 14:50:00",1,122,23,10,41.04
"2014-10-15 14:50:00",1,122,32,10,NAN
"2014-10-15 15:00:00",1,122,1,10,17.64,33.93,41.15,18.13,0.5,171.9,0,0,0,0,0,0,0.7500,71.28,0,0
"2014-10-15 15:00:00",1,122,4,10,12.92,19.26,0
"2014-10-15 15:00:00",1,122,1,60,71.28,0,0
"2014-10-15 15:00:00",1,122,22,60,0.218,0.307,0.254,520,595.1,550.3
"2014-10-15 15:00:00",1,122,23,10,40.42
"2014-10-15 15:00:00",1,122,31,60,0,0
"2014-10-15 15:00:00",1,122,32,10,NAN
"2014-10-15 15:10:00",1,122,1,10,17.54,25.78,34.29,13.6,0.25,178.1,0,0,0,0,0,0,0.7500,74.51,0,0
"2014-10-15 15:10:00",1,122,4,10,12.91,19.1,0
"2014-10-15 15:10:00",1,122,23,10,40.76
"2014-10-15 15:10:00",1,122,32,10,NAN
"2014-10-15 15:20:00",1,122,1,10,17.3,28.5,34.29,13.6,0,0,0,0,0,0,0,0,0.5,78.38,0,0
"2014-10-15 15:20:00",1,122,4,10,12.9,18.92,0
"2014-10-15 15:20:00",1,122,23,10,38.93
"2014-10-15 15:20:00",1,122,32,10,NAN
"2014-10-15 15:30:00",1,122,1,10,16.89,11.54,20.57,9.07,0,0,0,0,0,0,0,0,0,80.8,0,0
"2014-10-15 15:30:00",1,122,4,10,12.89,18.74,0
"2014-10-15 15:30:00",1,122,23,10,29.48
"2014-10-15 15:30:00",1,122,32,10,NAN
"2014-10-15 15:40:00",1,122,1,10,16.97,14.93,20.57,9.07,0.5,159.8,0,0,0,0,0,0,1,74.82,0,0
"2014-10-15 15:40:00",1,122,4,10,12.89,18.51,0
"2014-10-15 15:40:00",1,122,23,10,37.06
"2014-10-15 15:40:00",1,122,32,10,NAN
"2014-10-15 15:50:00",1,122,1,10,16.49,10.86,13.72,4.533,0,0,0,0,0,0,0,0,0.464,82.8,0,0
"2014-10-15 15:50:00",1,122,4,10,12.88,18.33,0
"2014-10-15 15:50:00",1,122,23,10,27.71
"2014-10-15 15:50:00",1,122,32,10,NAN
"2014-10-15 16:00:00",1,122,1,10,16.12,7.464,13.72,4.534,0.25,160.2,0,0,0,0,0,0,0.5,81,0,0
"2014-10-15 16:00:00",1,122,4,10,12.87,18.1,0
"2014-10-15 16:00:00",1,122,1,60,81,0,0
"2014-10-15 16:00:00",1,122,4,240,12.87,18.1
"2014-10-15 16:00:00",1,122,22,60,0.218,0.307,0.253,520.1,594.9,550
"2014-10-15 16:00:00",1,122,23,10,27.3
"2014-10-15 16:00:00",1,122,31,60,0,0
"2014-10-15 16:00:00",1,122,32,10,NAN
"2014-10-15 16:10:00",1,122,1,10,16.29,3.393,6.858,0,0.25,159.8,0,0,0,0,0,0,0.5,80.5,0,0
"2014-10-15 16:10:00",1,122,4,10,12.86,17.87,0
"2014-10-15 16:10:00",1,122,23,10,25.26
"2014-10-15 16:10:00",1,122,32,10,NAN
"2014-10-15 16:20:00",1,122,1,10,16.05,2.036,0,0,0,0,0,0,0,0,0,0,0.5,83.9,0,0
"2014-10-15 16:20:00",1,122,4,10,12.86,17.64,0
"2014-10-15 16:20:00",1,122,23,10,18.53
"2014-10-15 16:20:00",1,122,32,10,NAN
"2014-10-15 16:30:00",1,122,1,10,15.34,0.679,0,0,0,0,0,0,0,0,0,0,0.25,87.5,0,0
"2014-10-15 16:30:00",1,122,4,10,12.86,17.41,0
"2014-10-15 16:30:00",1,122,23,10,18.94
"2014-10-15 16:30:00",1,122,32,10,NAN
"2014-10-15 16:40:00",1,122,1,10,15.07,0,0,-4.534,0,0,0,0,0,0,0,0,0.036,89.5,0,0
"2014-10-15 16:40:00",1,122,4,10,12.85,17.14,128
"2014-10-15 16:40:00",1,122,23,10,18.87
"2014-10-15 16:40:00",1,122,32,10,NAN
"2014-10-15 16:50:00",1,122,1,10,14.71,0,0,-4.534,0,0,0,0,0,0,0,0,0.25,89.9,0,0
"2014-10-15 16:50:00",1,122,4,10,12.85,16.91,128
"2014-10-15 16:50:00",1,122,23,10,15.06
"2014-10-15 16:50:00",1,122,32,10,NAN
"2014-10-15 17:00:00",1,122,1,10,14.53,0,0,-4.534,0,0,0,0,0,0,0,0,0.25,91.5,0,0
"2014-10-15 17:00:00",1,122,4,10,12.85,16.66,128
"2014-10-15 17:00:00",1,122,1,60,91.5,0,0
"2014-10-15 17:00:00",1,122,22,60,0.218,0.307,0.254,520.1,594.9,550
"2014-10-15 17:00:00",1,122,23,10,14.28
"2014-10-15 17:00:00",1,122,31,60,0,0
"2014-10-15 17:00:00",1,122,32,10,NAN
"2014-10-15 17:10:00",1,122,1,10,14.36,0,0,-4.534,0,0,0,0,0,0,0,0,0,91.8,0,0
"2014-10-15 17:10:00",1,122,4,10,12.85,16.44,128
"2014-10-15 17:10:00",1,122,23,10,19.69
"2014-10-15 17:10:00",1,122,32,10,NAN
"2014-10-15 17:20:00",1,122,1,10,14.36,0,0,-4.534,0,0,0,0,0,0,0,0,0.071,93.2000,0,0
"2014-10-15 17:20:00",1,122,4,10,12.85,16.24,128
"2014-10-15 17:20:00",1,122,23,10,17.11
"2014-10-15 17:20:00",1,122,32,10,NAN
"2014-10-15 17:30:00",1,122,1,10,14.3,0,0,-4.535,0.25,159.9,0,0,0,0,0,0,0.25,94,0,0
"2014-10-15 17:30:00",1,122,4,10,12.84,16.07,128
"2014-10-15 17:30:00",1,122,23,10,18.09
"2014-10-15 17:30:00",1,122,32,10,NAN
"2014-10-15 17:40:00",1,122,1,10,14.39,0,0,-4.535,0.5,159.9,0,0,0,0,0,0,0.5,95.4,0,0
"2014-10-15 17:40:00",1,122,4,10,12.85,15.9,128
"2014-10-15 17:40:00",1,122,23,10,16.8
"2014-10-15 17:40:00",1,122,32,10,NAN
"2014-10-15 17:50:00",1,122,1,10,14.51,0,0,-4.535,0.5,162.1,0,0,0,0,0,0,0.5,93.4,0,0
"2014-10-15 17:50:00",1,122,4,10,12.85,15.75,128
"2014-10-15 17:50:00",1,122,23,10,17.55
"2014-10-15 17:50:00",1,122,32,10,NAN
"2014-10-15 18:00:00",1,122,1,10,14.32,0,0,-4.535,0.25,162.1,0,0,0,0,0,0,0.5,93.7000,0,0
"2014-10-15 18:00:00",1,122,4,10,12.85,15.63,128
"2014-10-15 18:00:00",1,122,1,60,93.7000,0,0
"2014-10-15 18:00:00",1,122,22,60,0.218,0.307,0.253,520.1,594.6,550
"2014-10-15 18:00:00",1,122,23,10,17.93
"2014-10-15 18:00:00",1,122,31,60,0,0
"2014-10-15 18:00:00",1,122,32,10,NAN
"2014-10-15 18:10:00",1,122,1,10,14,0,0,-4.535,0,0,0,0,0,0,0,0,0.25,95.3,0,0
"2014-10-15 18:10:00",1,122,4,10,12.84,15.51,128
"2014-10-15 18:10:00",1,122,23,10,16.94
"2014-10-15 18:10:00",1,122,32,10,NAN
"2014-10-15 18:20:00",1,122,1,10,14.17,0,0,-4.535,0,0,0,0,0,0,0,0,0,94.8,0,0
"2014-10-15 18:20:00",1,122,4,10,12.84,15.41,128
"2014-10-15 18:20:00",1,122,23,10,14.32
"2014-10-15 18:20:00",1,122,32,10,NAN
"2014-10-15 18:30:00",1,122,1,10,14.05,0,0,-4.535,0,0,0,0,0,0,0,0,0,96.1,0,0
"2014-10-15 18:30:00",1,122,4,10,12.84,15.31,128
"2014-10-15 18:30:00",1,122,23,10,12.01
"2014-10-15 18:30:00",1,122,32,10,NAN
"2014-10-15 18:40:00",1,122,1,10,13.98,0,0,-4.535,0,0,0,0,0,0,0,0,0,97.6,0,0
"2014-10-15 18:40:00",1,122,4,10,12.84,15.21,128
"2014-10-15 18:40:00",1,122,23,10,12.48
"2014-10-15 18:40:00",1,122,32,10,NAN
"2014-10-15 18:50:00",1,122,1,10,13.89,-0.679,0,-4.535,0,0,0,0,0,0,0,0,0,97.9,0,0
"2014-10-15 18:50:00",1,122,4,10,12.83,15.14,160
"2014-10-15 18:50:00",1,122,23,10,11.84
"2014-10-15 18:50:00",1,122,32,10,NAN
"2014-10-15 19:00:00",1,122,1,10,13.84,0,0,-4.535,0,0,0,0,0,0,0,0,0.286,97.3,0,0
"2014-10-15 19:00:00",1,122,4,10,12.83,15.04,128
"2014-10-15 19:00:00",1,122,1,60,97.3,0,0
"2014-10-15 19:00:00",1,122,22,60,0.217,0.307,0.253,519.7,594.6,550
"2014-10-15 19:00:00",1,122,23,10,14.15
"2014-10-15 19:00:00",1,122,31,60,0,0
"2014-10-15 19:00:00",1,122,32,10,NAN
"2014-10-15 19:10:00",1,122,1,10,13.79,0,0,-4.535,0.25,162.1,0,0,0,0,0,0,0.25,97.9,0,0
"2014-10-15 19:10:00",1,122,4,10,12.83,14.95,128
"2014-10-15 19:10:00",1,122,23,10,17.21
"2014-10-15 19:10:00",1,122,32,10,NAN
"2014-10-15 19:20:00",1,122,1,10,13.62,0,0,-4.535,0.25,162.1,0,0,0,0,0,0,0.5,98.6,0,0
"2014-10-15 19:20:00",1,122,4,10,12.83,14.88,128
"2014-10-15 19:20:00",1,122,23,10,16.46
"2014-10-15 19:20:00",1,122,32,10,NAN
"2014-10-15 19:30:00",1,122,1,10,13.67,0,0,-4.535,0.25,157,0,0,0,0,0,0,0.5,97.8,0,0
"2014-10-15 19:30:00",1,122,4,10,12.83,14.8,128
"2014-10-15 19:30:00",1,122,23,10,18.54
"2014-10-15 19:30:00",1,122,32,10,NAN
"2014-10-15 19:40:00",1,122,1,10,13.78,0,0,-4.535,0.5,155.5,0,0,0,0,0,0,0.7500,96.3,0,0
"2014-10-15 19:40:00",1,122,4,10,12.83,14.71,128
"2014-10-15 19:40:00",1,122,23,10,19.12
"2014-10-15 19:40:00",1,122,32,10,NAN
"2014-10-15 19:50:00",1,122,1,10,13.86,0,0,-4.535,0.5,165,0,0,0,0,0,0,0.929,94.1,0,0
"2014-10-15 19:50:00",1,122,4,10,12.83,14.64,128
"2014-10-15 19:50:00",1,122,23,10,20.44
"2014-10-15 19:50:00",1,122,32,10,NAN
"2014-10-15 20:00:00",1,122,1,10,13.81,0,0,-4.535,0.5,158.7,0,0,0,0,0,0,1,94.5,0,0
"2014-10-15 20:00:00",1,122,4,10,12.83,14.59,128
"2014-10-15 20:00:00",1,122,1,60,94.5,0,0
"2014-10-15 20:00:00",1,122,4,240,12.83,14.59
"2014-10-15 20:00:00",1,122,22,60,0.217,0.307,0.253,519.7,594.9,550
"2014-10-15 20:00:00",1,122,23,10,23.2
"2014-10-15 20:00:00",1,122,31,60,0,0
"2014-10-15 20:00:00",1,122,32,10,NAN
"2014-10-15 20:10:00",1,122,1,10,13.72,0,0,-4.535,0,0,0,0,0,0,0,0,0.7500,95.9,0,0
"2014-10-15 20:10:00",1,122,4,10,12.83,14.52,128
"2014-10-15 20:10:00",1,122,23,10,21.7
"2014-10-15 20:10:00",1,122,32,10,NAN
"2014-10-15 20:20:00",1,122,1,10,13.27,-0.679,0,-4.535,0,0,0,0,0,0,0,0,0,98.5,0,0
"2014-10-15 20:20:00",1,122,4,10,12.82,14.44,160
"2014-10-15 20:20:00",1,122,23,10,15.58
"2014-10-15 20:20:00",1,122,32,10,NAN
"2014-10-15 20:30:00",1,122,1,10,13.27,0,0,-4.535,0,0,0,0,0,0,0,0,0.5,99.3,0,0
"2014-10-15 20:30:00",1,122,4,10,12.83,14.37,128
"2014-10-15 20:30:00",1,122,23,10,17.62
"2014-10-15 20:30:00",1,122,32,10,NAN
"2014-10-15 20:40:00",1,122,1,10,13.11,0,0,-4.535,0,0,0,0,0,0,0,0,0,99.3,0,0
"2014-10-15 20:40:00",1,122,4,10,12.83,14.3,128
"2014-10-15 20:40:00",1,122,23,10,12.52
"2014-10-15 20:40:00",1,122,32,10,NAN
"2014-10-15 20:50:00",1,122,1,10,13.03,0,0,-4.535,0,0,0,0,0,0,0,0,0,99.8,0,0
"2014-10-15 20:50:00",1,122,4,10,12.82,14.25,128
"2014-10-15 20:50:00",1,122,23,10,13.5
"2014-10-15 20:50:00",1,122,32,10,NAN
"2014-10-15 21:00:00",1,122,1,10,13.18,-0.679,0,-4.535,0.25,159.5,0,0,0,0,0,0,0.286,99.9,0,0
"2014-10-15 21:00:00",1,122,4,10,12.82,14.18,160
"2014-10-15 21:00:00",1,122,1,60,99.9,0,0
"2014-10-15 21:00:00",1,122,22,60,0.218,0.307,0.254,520.2,595.1,550.2
"2014-10-15 21:00:00",1,122,23,10,19.8
"2014-10-15 21:00:00",1,122,31,60,0,0
"2014-10-15 21:00:00",1,122,32,10,NAN
"2014-10-15 21:10:00",1,122,1,10,13.08,0,0,-4.535,0,0,0,0,0,0,0,0,0.357,99.4,0,0
"2014-10-15 21:10:00",1,122,4,10,12.82,14.13,128
"2014-10-15 21:10:00",1,122,23,10,12.82
"2014-10-15 21:10:00",1,122,32,10,NAN
"2014-10-15 21:20:00",1,122,1,10,13.08,-0.679,0,-4.535,0.25,159.5,0,0,0,0,0,0,0.393,98.6,0,0
"2014-10-15 21:20:00",1,122,4,10,12.82,14.09,160
"2014-10-15 21:20:00",1,122,23,10,22.24
"2014-10-15 21:20:00",1,122,32,10,NAN
"2014-10-15 21:30:00",1,122,1,10,13.25,0,0,-4.535,0.5,159.8,0,0,0,0,0,0,0.5,96.5,0,0
"2014-10-15 21:30:00",1,122,4,10,12.82,14.04,128
"2014-10-15 21:30:00",1,122,23,10,27.41
"2014-10-15 21:30:00",1,122,32,10,NAN
"2014-10-15 21:40:00",1,122,1,10,13.23,-0.679,0,-4.535,0,0,0,0,0,0,0,0,0.5,97.9,0,0
"2014-10-15 21:40:00",1,122,4,10,12.82,14.01,160
"2014-10-15 21:40:00",1,122,23,10,18.84
"2014-10-15 21:40:00",1,122,32,10,NAN
"2014-10-15 21:50:00",1,122,1,10,13.18,0,0,-4.535,0.5,159.8,0,0,0,0,0,0,0.5,96.8,0,0
"2014-10-15 21:50:00",1,122,4,10,12.82,13.97,128
"2014-10-15 21:50:00",1,122,23,10,27.82
"2014-10-15 21:50:00",1,122,32,10,NAN
"2014-10-15 22:00:00",1,122,1,10,13.44,0,0,-4.535,0.5,162.1,0,0,0,0,0,0,1,94.9,0,0
"2014-10-15 22:00:00",1,122,4,10,12.82,13.97,128
"2014-10-15 22:00:00",1,122,1,60,94.9,0,0
"2014-10-15 22:00:00",1,122,22,60,0.218,0.307,0.253,520.4,594.6,549.7
"2014-10-15 22:00:00",1,122,23,10,29.42
"2014-10-15 22:00:00",1,122,31,60,0,0
"2014-10-15 22:00:00",1,122,32,10,NAN
"2014-10-15 22:10:00",1,122,1,10,13.3,0,0,-4.535,0.25,175,0,0,0,0,0,0,1.036,95.4,0,0
"2014-10-15 22:10:00",1,122,4,10,12.82,13.94,128
"2014-10-15 22:10:00",1,122,23,10,29.42
"2014-10-15 22:10:00",1,122,32,10,NAN
"2014-10-15 22:20:00",1,122,1,10,13.28,0,0,-4.535,0.7500,180.4,0,0,0,0,0,0,1,95.6,0,0
"2014-10-15 22:20:00",1,122,4,10,12.82,13.94,128
"2014-10-15 22:20:00",1,122,23,10,29.46
"2014-10-15 22:20:00",1,122,32,10,NAN
"2014-10-15 22:30:00",1,122,1,10,13.35,0,0,-4.535,0.25,158.3,0,0,0,0,0,0,0.786,94.1,0,0
"2014-10-15 22:30:00",1,122,4,10,12.82,13.92,128
"2014-10-15 22:30:00",1,122,23,10,29.83
"2014-10-15 22:30:00",1,122,32,10,NAN
"2014-10-15 22:40:00",1,122,1,10,13.23,0,0,-4.535,0.25,158.4,0,0,0,0,0,0,0.536,94.3,0,0
"2014-10-15 22:40:00",1,122,4,10,12.82,13.92,128
"2014-10-15 22:40:00",1,122,23,10,19.49
"2014-10-15 22:40:00",1,122,32,10,NAN
"2014-10-15 22:50:00",1,122,1,10,13.23,0,0,-4.535,0.25,180.4,0,0,0,0,0,0,0.536,94.4,0,0
"2014-10-15 22:50:00",1,122,4,10,12.82,13.9,128
"2014-10-15 22:50:00",1,122,23,10,29.59
"2014-10-15 22:50:00",1,122,32,10,NAN
"2014-10-15 23:00:00",1,122,1,10,12.94,0,0,-4.535,0,0,0,0,0,0,0,0,0.5,97,0,0
"2014-10-15 23:00:00",1,122,4,10,12.82,13.87,128
"2014-10-15 23:00:00",1,122,1,60,97,0,0
"2014-10-15 23:00:00",1,122,22,60,0.218,0.306,0.253,519.9,594.1,549.5
"2014-10-15 23:00:00",1,122,23,10,20.61
"2014-10-15 23:00:00",1,122,31,60,0,0
"2014-10-15 23:00:00",1,122,32,10,NAN
"2014-10-15 23:10:00",1,122,1,10,13.2,0,0,-4.535,0.5,159.2,0,0,0,0,0,0,0.7500,93.9,0,0
"2014-10-15 23:10:00",1,122,4,10,12.82,13.82,128
"2014-10-15 23:10:00",1,122,23,10,31.5
"2014-10-15 23:10:00",1,122,32,10,NAN
"2014-10-15 23:20:00",1,122,1,10,13.23,0,0,-4.535,0.25,161.5,0,0,0,0,0,0,0.571,93.6,0,0
"2014-10-15 23:20:00",1,122,4,10,12.82,13.78,128
"2014-10-15 23:20:00",1,122,23,10,31.23
"2014-10-15 23:20:00",1,122,32,10,NAN
"2014-10-15 23:30:00",1,122,1,10,13.27,-0.679,0,-4.535,0.25,163.9,0,0,0,0,0,0,0.571,93.2000,0,0
"2014-10-15 23:30:00",1,122,4,10,12.82,13.75,160
"2014-10-15 23:30:00",1,122,23,10,32.38
"2014-10-15 23:30:00",1,122,32,10,NAN
"2014-10-15 23:40:00",1,122,1,10,13.11,-0.679,0,-4.535,0,0,0,0,0,0,0,0,0.5,93.6,0,0
"2014-10-15 23:40:00",1,122,4,10,12.82,13.78,160
"2014-10-15 23:40:00",1,122,23,10,31.19
"2014-10-15 23:40:00",1,122,32,10,NAN
"2014-10-15 23:50:00",1,122,1,10,12.81,0,0,-4.535,0,0,0,0,0,0,0,0,0.25,96.4,0,0
"2014-10-15 23:50:00",1,122,4,10,12.82,13.73,128
"2014-10-15 23:50:00",1,122,23,10,20
"2014-10-15 23:50:00",1,122,32,10,NAN
"2014-10-16 00:00:00",1,122,1,10,12.52,0,0,-4.536,0,0,0,0,0,0,0,0,0.25,98.2000,0,0
"2014-10-16 00:00:00",1,122,4,10,12.81,13.68,128
"2014-10-16 00:00:00",1,122,1,60,98.2000,0,0
"2014-10-16 00:00:00",1,122,4,240,12.81,13.68
"2014-10-16 00:00:00",1,122,22,60,0.218,0.306,0.253,520.1,593.9,549.4
"2014-10-16 00:00:00",1,122,23,10,19.39
"2014-10-16 00:00:00",1,122,31,60,0,0
"2014-10-16 00:00:00",1,122,32,10,NAN
"2014-10-16 00:10:00",1,122,1,10,12.62,0,0,-4.535,0.5,213.4,0,0,0,0,0,0,0.7500,98.1,0,0
"2014-10-16 00:10:00",1,122,4,10,12.81,13.59,128
"2014-10-16 00:10:00",1,122,23,10,21.74
"2014-10-16 00:10:00",1,122,32,10,NAN
"2014-10-16 00:20:00",1,122,1,10,12.46,0,0,-4.535,0.25,192.4,0,0,0,0,0,0,0.7500,98.3,0,0
"2014-10-16 00:20:00",1,122,4,10,12.81,13.54,128
"2014-10-16 00:20:00",1,122,23,10,20.55
"2014-10-16 00:20:00",1,122,32,10,NAN
"2014-10-16 00:30:00",1,122,1,10,12.45,0,0,-4.536,0.5,186.6,0,0,0,0,0,0,0.5,97.2000,0,0
"2014-10-16 00:30:00",1,122,4,10,12.81,13.45,128
"2014-10-16 00:30:00",1,122,23,10,25.75
"2014-10-16 00:30:00",1,122,32,10,NAN
"2014-10-16 00:40:00",1,122,1,10,12.52,0,0,-4.536,0.25,159.8,0,0,0,0,0,0,0.7500,96.2000,0,0
"2014-10-16 00:40:00",1,122,4,10,12.81,13.38,128
"2014-10-16 00:40:00",1,122,23,10,27.08
"2014-10-16 00:40:00",1,122,32,10,NAN
"2014-10-16 00:50:00",1,122,1,10,12.56,0,0,-4.536,0.25,160.4,0,0,0,0,0,0,0.536,96.3,0,0
"2014-10-16 00:50:00",1,122,4,10,12.81,13.3,128
"2014-10-16 00:50:00",1,122,23,10,27.83
"2014-10-16 00:50:00",1,122,32,10,NAN
"2014-10-16 01:00:00",1,122,1,10,12.73,0,0,-4.536,0.7500,170.7,0,0,0,0,0,0,1,95.9,0,0
"2014-10-16 01:00:00",1,122,4,10,12.81,13.26,128
"2014-10-16 01:00:00",1,122,1,60,95.9,0,0
"2014-10-16 01:00:00",1,122,22,60,0.218,0.306,0.253,520.2,594,549.4
"2014-10-16 01:00:00",1,122,23,10,27.76
"2014-10-16 01:00:00",1,122,31,60,0,0
"2014-10-16 01:00:00",1,122,32,10,NAN
"2014-10-16 01:10:00",1,122,1,10,12.87,0,0,-4.536,0.7500,184.1,0,0,0,0,0,0,0.929,95,0,0
"2014-10-16 01:10:00",1,122,4,10,12.81,13.23,128
"2014-10-16 01:10:00",1,122,23,10,28.58
"2014-10-16 01:10:00",1,122,32,10,NAN
"2014-10-16 01:20:00",1,122,1,10,12.83,0,0,-4.536,0.7500,174.1,0,0,0,0,0,0,0.786,94.6,0,0
"2014-10-16 01:20:00",1,122,4,10,12.81,13.21,128
"2014-10-16 01:20:00",1,122,23,10,28.61
"2014-10-16 01:20:00",1,122,32,10,NAN
"2014-10-16 01:30:00",1,122,1,10,12.7,0,0,-4.536,0.5,186.6,0,0,0,0,0,0,0.8570,95.4,0,0
"2014-10-16 01:30:00",1,122,4,10,12.82,13.21,128
"2014-10-16 01:30:00",1,122,23,10,27.83
"2014-10-16 01:30:00",1,122,32,10,NAN
"2014-10-16 01:40:00",1,122,1,10,12.56,0,0,-4.536,0.7500,163.5,0,0,0,0,0,0,0.821,95.8,0,0
"2014-10-16 01:40:00",1,122,4,10,12.81,13.21,128
"2014-10-16 01:40:00",1,122,23,10,27.86
"2014-10-16 01:40:00",1,122,32,10,NAN
"2014-10-16 01:50:00",1,122,1,10,12.66,0,0,-4.536,0.25,164.4,0,0,0,0,0,0,1,95.2000,0,0
"2014-10-16 01:50:00",1,122,4,10,12.8,13.19,128
"2014-10-16 01:50:00",1,122,23,10,26.37
"2014-10-16 01:50:00",1,122,32,10,NAN
"2014-10-16 02:00:00",1,122,1,10,12.63,0,0,-4.536,0.25,163.3,0,0,0,0,0,0,1,95.2000,0,0
"2014-10-16 02:00:00",1,122,4,10,12.81,13.16,128
"2014-10-16 02:00:00",1,122,1,60,95.2000,0,0
"2014-10-16 02:00:00",1,122,22,60,0.219,0.306,0.253,520.8,594,549.4
"2014-10-16 02:00:00",1,122,23,10,21.84
"2014-10-16 02:00:00",1,122,31,60,0,0
"2014-10-16 02:00:00",1,122,32,10,NAN
"2014-10-16 02:10:00",1,122,1,10,12.7,0,0,-4.536,0.25,159.5,0,0,0,0,0,0,0.7500,94.9,0,0
"2014-10-16 02:10:00",1,122,4,10,12.81,13.14,128
"2014-10-16 02:10:00",1,122,23,10,27.11
"2014-10-16 02:10:00",1,122,32,10,NAN
"2014-10-16 02:20:00",1,122,1,10,12.83,0,0,-4.536,0.5,167.3,0,0,0,0,0,0,0.7500,93.5,0,0
"2014-10-16 02:20:00",1,122,4,10,12.81,13.14,128
"2014-10-16 02:20:00",1,122,23,10,27.56
"2014-10-16 02:20:00",1,122,32,10,NAN
"2014-10-16 02:30:00",1,122,1,10,13.1,0,0,-4.536,0.5,164.5,0,0,0,0,0,0,1.071,91.9,0,0
"2014-10-16 02:30:00",1,122,4,10,12.81,13.16,128
"2014-10-16 02:30:00",1,122,23,10,26.6
"2014-10-16 02:30:00",1,122,32,10,NAN
"2014-10-16 02:40:00",1,122,1,10,13.17,0,0,-4.536,0.25,171.9,0,0,0,0,0,0,0.7500,91.5,0,0
"2014-10-16 02:40:00",1,122,4,10,12.81,13.21,128
"2014-10-16 02:40:00",1,122,23,10,27.56
"2014-10-16 02:40:00",1,122,32,10,NAN
"2014-10-16 02:50:00",1,122,1,10,13,0,0,-4.536,0,0,0,0,0,0,0,0,0.821,92.5,0,0
"2014-10-16 02:50:00",1,122,4,10,12.81,13.26,128
"2014-10-16 02:50:00",1,122,23,10,27.35
"2014-10-16 02:50:00",1,122,32,10,NAN
"2014-10-16 03:00:00",1,122,1,10,13.04,0,0,-4.536,0.5,166.1,0,0,0,0,0,0,0.7500,91.7000,0,0
"2014-10-16 03:00:00",1,122,4,10,12.81,13.26,128
"2014-10-16 03:00:00",1,122,1,60,91.7000,0,0
"2014-10-16 03:00:00",1,122,22,60,0.218,0.306,0.253,520.5,594.3,549.4
"2014-10-16 03:00:00",1,122,23,10,26.64
"2014-10-16 03:00:00",1,122,31,60,0,0
"2014-10-16 03:00:00",1,122,32,10,NAN
"2014-10-16 03:10:00",1,122,1,10,12.93,0,0,-4.536,0.25,163.9,0,0,0,0,0,0,0.7500,91.8,0,0
"2014-10-16 03:10:00",1,122,4,10,12.81,13.28,128
"2014-10-16 03:10:00",1,122,23,10,26.06
"2014-10-16 03:10:00",1,122,32,10,NAN
"2014-10-16 03:20:00",1,122,1,10,13.41,0,0,-4.536,0,0,0,0,0,0,0,0,1.25,90.1,0,0
"2014-10-16 03:20:00",1,122,4,10,12.81,13.28,128
"2014-10-16 03:20:00",1,122,23,10,28.98
"2014-10-16 03:20:00",1,122,32,10,NAN
"2014-10-16 03:30:00",1,122,1,10,13.16,0,0,-4.536,0.25,162.5,0,0,0,0,0,0,0.7500,90.3,0,0
"2014-10-16 03:30:00",1,122,4,10,12.81,13.28,128
"2014-10-16 03:30:00",1,122,23,10,26.88
"2014-10-16 03:30:00",1,122,32,10,NAN
"2014-10-16 03:40:00",1,122,1,10,13.41,0,0,-4.536,0.5,169.3,0,0,0,0,0,0,1.25,89.3,0,0
"2014-10-16 03:40:00",1,122,4,10,12.81,13.3,128
"2014-10-16 03:40:00",1,122,23,10,27.15
"2014-10-16 03:40:00",1,122,32,10,NAN
"2014-10-16 03:50:00",1,122,1,10,13.48,0,0,-4.536,0.5,172.9,0,0,0,0,0,0,1.25,89.1,0,0
"2014-10-16 03:50:00",1,122,4,10,12.8,13.35,128
"2014-10-16 03:50:00",1,122,23,10,21.94
"2014-10-16 03:50:00",1,122,32,10,NAN
"2014-10-16 04:00:00",1,122,1,10,13.44,0,0,-4.536,0.5,155.8,0,0,0,0,0,0,0.607,89.9,0,0
"2014-10-16 04:00:00",1,122,4,10,12.8,13.4,128
"2014-10-16 04:00:00",1,122,1,60,89.9,0,0
"2014-10-16 04:00:00",1,122,4,240,12.8,13.4
"2014-10-16 04:00:00",1,122,22,60,0.219,0.306,0.253,520.8,594,549.4
"2014-10-16 04:00:00",1,122,23,10,24.9
"2014-10-16 04:00:00",1,122,31,60,0,0
"2014-10-16 04:00:00",1,122,32,10,NAN
"2014-10-16 04:10:00",1,122,1,10,13.38,0,0,-4.536,0.7500,143.9,0,0,0,0,0,0,0.821,89.6,0,0
"2014-10-16 04:10:00",1,122,4,10,12.8,13.45,128
"2014-10-16 04:10:00",1,122,23,10,24.02
"2014-10-16 04:10:00",1,122,32,10,NAN
"2014-10-16 04:20:00",1,122,1,10,13.1,0,0,-4.536,0.25,172.6,0,0,0,0,0,0,0.5,92,0,0
"2014-10-16 04:20:00",1,122,4,10,12.8,13.45,128
"2014-10-16 04:20:00",1,122,23,10,22.11
"2014-10-16 04:20:00",1,122,32,10,NAN
"2014-10-16 04:30:00",1,122,1,10,12.64,0,0,-4.536,0,0,0,0,0,0,0,0,0.25,95,0,0
"2014-10-16 04:30:00",1,122,4,10,12.8,13.4,128
"2014-10-16 04:30:00",1,122,23,10,20.68
"2014-10-16 04:30:00",1,122,32,10,NAN
"2014-10-16 04:40:00",1,122,1,10,12.8,0,0,-4.536,0.5,160.4,0,0,0,0,0,0,0.536,92.7000,0,0
"2014-10-16 04:40:00",1,122,4,10,12.8,13.33,128
"2014-10-16 04:40:00",1,122,23,10,20.28
"2014-10-16 04:40:00",1,122,32,10,NAN
"2014-10-16 04:50:00",1,122,1,10,13.05,0,0,-4.536,0.5,165,0,0,0,0,0,0,1,90.9,0,0
"2014-10-16 04:50:00",1,122,4,10,12.8,13.3,128
"2014-10-16 04:50:00",1,122,23,10,18.71
"2014-10-16 04:50:00",1,122,32,10,NAN
"2014-10-16 05:00:00",1,122,1,10,13.17,-0.679,0,-4.536,0.5,163.9,0,0,0,0,0,0,1,89.8,0,0
"2014-10-16 05:00:00",1,122,4,10,12.8,13.3,160
"2014-10-16 05:00:00",1,122,1,60,89.8,0,0
"2014-10-16 05:00:00",1,122,22,60,0.218,0.306,0.253,520.2,594.3,549.4
"2014-10-16 05:00:00",1,122,23,10,17.21
"2014-10-16 05:00:00",1,122,31,60,0,0
"2014-10-16 05:00:00",1,122,32,10,NAN
"2014-10-16 05:10:00",1,122,1,10,13.07,-0.679,0,-4.536,0.5,161.9,0,0,0,0,0,0,1,90.1,0,0
"2014-10-16 05:10:00",1,122,4,10,12.8,13.33,160
"2014-10-16 05:10:00",1,122,23,10,15.85
"2014-10-16 05:10:00",1,122,32,10,NAN
"2014-10-16 05:20:00",1,122,1,10,13.17,0,0,-4.536,0.7500,169.5,0,0,0,0,0,0,0.929,89.1,0,0
"2014-10-16 05:20:00",1,122,4,10,12.8,13.33,128
"2014-10-16 05:20:00",1,122,23,10,17.62
"2014-10-16 05:20:00",1,122,32,10,NAN
"2014-10-16 05:30:00",1,122,1,10,13.21,-0.679,0,-4.536,0.5,171.9,0,0,0,0,0,0,1,88.4,0,0
"2014-10-16 05:30:00",1,122,4,10,12.8,13.4,160
"2014-10-16 05:30:00",1,122,23,10,17.49
"2014-10-16 05:30:00",1,122,32,10,NAN
"2014-10-16 05:40:00",1,122,1,10,13.43,0.679,0,-4.536,0.5,166.1,0,0,0,0,0,0,0.929,87.8,0,0
"2014-10-16 05:40:00",1,122,4,10,12.8,13.45,128
"2014-10-16 05:40:00",1,122,23,10,18.37
"2014-10-16 05:40:00",1,122,32,10,NAN
"2014-10-16 05:50:00",1,122,1,10,13.34,0.679,0,0,1,161.6,0,0,0,0,0,0,1,87.6,0,0
"2014-10-16 05:50:00",1,122,4,10,12.8,13.49,0
"2014-10-16 05:50:00",1,122,23,10,16.7
"2014-10-16 05:50:00",1,122,32,10,NAN
"2014-10-16 06:00:00",1,122,1,10,13.56,2.037,0,0,1,170.1,0,0,0,0,0,0,1.321,86.5,0,0
"2014-10-16 06:00:00",1,122,4,10,12.8,13.54,0
"2014-10-16 06:00:00",1,122,1,60,86.5,0,0
"2014-10-16 06:00:00",1,122,22,60,0.219,0.306,0.253,520.7,594.1,549.6
"2014-10-16 06:00:00",1,122,23,10,14.97
"2014-10-16 06:00:00",1,122,31,60,0,0
"2014-10-16 06:00:00",1,122,32,10,NAN
"2014-10-16 06:10:00",1,122,1,10,13.65,3.394,6.8610,0,1,162.2,0,0,0,0,0,0,1.5,85.7000,0,0
"2014-10-16 06:10:00",1,122,4,10,12.8,13.61,0
"2014-10-16 06:10:00",1,122,23,10,17.28
"2014-10-16 06:10:00",1,122,32,10,NAN
"2014-10-16 06:20:00",1,122,1,10,13.61,5.431,6.8610,0,1.25,163.9,0,0,0,0,0,0,1.5,85.6,0,0
"2014-10-16 06:20:00",1,122,4,10,12.8,13.68,0
"2014-10-16 06:20:00",1,122,23,10,17.89
"2014-10-16 06:20:00",1,122,32,10,NAN
"2014-10-16 06:30:00",1,122,1,10,13.71,4.752,6.8610,0,1,168.9,0,0,0,0,0,0,1.25,84.9,0,0
"2014-10-16 06:30:00",1,122,4,10,12.8,13.75,0
"2014-10-16 06:30:00",1,122,23,10,19.8
"2014-10-16 06:30:00",1,122,32,10,NAN
"2014-10-16 06:40:00",1,122,1,10,13.86,6.7890,13.72,4.535,0.5,170.7,0,0,0,0,0,0,1.25,83.8,0,0
"2014-10-16 06:40:00",1,122,4,10,12.8,13.82,0
"2014-10-16 06:40:00",1,122,23,10,19.8
"2014-10-16 06:40:00",1,122,32,10,NAN
"2014-10-16 06:50:00",1,122,1,10,13.88,12.9,20.58,9.07,0,0,0,0,0,0,0,0,1,84.5,0,0
"2014-10-16 06:50:00",1,122,4,10,12.82,14.25,0
"2014-10-16 06:50:00",1,122,23,10,17.11
"2014-10-16 06:50:00",1,122,32,10,NAN
"2014-10-16 07:00:00",1,122,1,10,13.98,17.65,27.44,9.07,0.5,153,0,0,0,0,0,0,0.679,82.5,0,0
"2014-10-16 07:00:00",1,122,4,10,12.81,14.25,0
"2014-10-16 07:00:00",1,122,1,60,82.5,0,0
"2014-10-16 07:00:00",1,122,22,60,0.217,0.305,0.253,519.7,593.6,549.3
"2014-10-16 07:00:00",1,122,23,10,17.48
"2014-10-16 07:00:00",1,122,31,60,0,0
"2014-10-16 07:00:00",1,122,32,10,NAN
"2014-10-16 07:10:00",1,122,1,10,13.84,14.93,27.44,13.61,0,0,0,0,0,0,0,0,0.5,86,0,0
"2014-10-16 07:10:00",1,122,4,10,12.8,14.3,0
"2014-10-16 07:10:00",1,122,23,10,13.74
"2014-10-16 07:10:00",1,122,32,10,NAN
"2014-10-16 07:20:00",1,122,1,10,14.15,28.51,41.16,22.68,0.25,153.2,0,0,0,0,0,0,0.5,85.3,0,0
"2014-10-16 07:20:00",1,122,4,10,12.81,14.35,0
"2014-10-16 07:20:00",1,122,23,10,22.65
"2014-10-16 07:20:00",1,122,32,10,NAN
"2014-10-16 07:30:00",1,122,1,10,14.52,28.51,41.16,22.68,0,0,0,0,0,0,0,0,0.5,83,0,0
"2014-10-16 07:30:00",1,122,4,10,12.81,14.44,0
"2014-10-16 07:30:00",1,122,23,10,22.93
"2014-10-16 07:30:00",1,122,32,10,NAN
"2014-10-16 07:40:00",1,122,1,10,14.86,40.05,54.88,22.68,0.7500,164.1,0,0,0,0,0,0,1,79.93,0,0
"2014-10-16 07:40:00",1,122,4,10,12.82,14.56,0
"2014-10-16 07:40:00",1,122,23,10,23.1
"2014-10-16 07:40:00",1,122,32,10,NAN
"2014-10-16 07:50:00",1,122,1,10,14.8,33.94,48.02,22.68,0.5,194.6,0,0,0,0,0,0,1,80.2000,0,0
"2014-10-16 07:50:00",1,122,4,10,12.81,14.73,0
"2014-10-16 07:50:00",1,122,23,10,20.27
"2014-10-16 07:50:00",1,122,32,10,NAN
"2014-10-16 08:00:00",1,122,1,10,14.71,33.26,48.02,22.68,0.5,180.4,0,0,0,0,0,0,1.75,82.3,0,0
"2014-10-16 08:00:00",1,122,4,10,12.81,14.85,0
"2014-10-16 08:00:00",1,122,1,60,82.3,0,0
"2014-10-16 08:00:00",1,122,4,240,12.81,14.85
"2014-10-16 08:00:00",1,122,22,60,0.219,0.307,0.253,520.9,595.1,549.5
"2014-10-16 08:00:00",1,122,23,10,16.26
"2014-10-16 08:00:00",1,122,31,60,0,0
"2014-10-16 08:00:00",1,122,32,10,NAN
"2014-10-16 08:10:00",1,122,1,10,14.97,52.94,75.46,31.75,0.7500,154.2,0,0,0,0,0,0,2.179,81.3,0,0
"2014-10-16 08:10:00",1,122,4,10,12.83,14.97,0
"2014-10-16 08:10:00",1,122,23,10,22.31
"2014-10-16 08:10:00",1,122,32,10,NAN
"2014-10-16 08:20:00",1,122,1,10,15.15,38.01,54.88,27.21,0.25,177.6,0,0,0,0,0,0,1,79.88,0,0
"2014-10-16 08:20:00",1,122,4,10,12.82,15.14,0
"2014-10-16 08:20:00",1,122,23,10,20.68
"2014-10-16 08:20:00",1,122,32,10,NAN
"2014-10-16 08:30:00",1,122,1,10,15.09,23.08,34.3,22.68,0,0,0,0,0,0,0,0,0.5,78.86,0,0
"2014-10-16 08:30:00",1,122,4,10,12.81,15.29,0
"2014-10-16 08:30:00",1,122,23,10,22.11
"2014-10-16 08:30:00",1,122,32,10,NAN
"2014-10-16 08:40:00",1,122,1,10,15.02,18.33,27.44,13.61,0,0,0,0,0,0,0,0,0.5,80.9,0,0
"2014-10-16 08:40:00",1,122,4,10,12.81,15.39,0
"2014-10-16 08:40:00",1,122,23,10,22.38
"2014-10-16 08:40:00",1,122,32,10,NAN
"2014-10-16 08:50:00",1,122,1,10,14.74,16.97,27.44,13.61,0.5,12.63,0,0,0,0,0,0,0.786,81.8,0,0
"2014-10-16 08:50:00",1,122,4,10,12.81,15.43,0
"2014-10-16 08:50:00",1,122,23,10,19.8
"2014-10-16 08:50:00",1,122,32,10,NAN
"2014-10-16 09:00:00",1,122,1,10,14.4,20.36,34.3,18.14,1.75,121.7,0,0,0,0,0,0,1.75,81.9,0,0
"2014-10-16 09:00:00",1,122,4,10,12.8,15.41,0
"2014-10-16 09:00:00",1,122,1,60,81.9,0,0
"2014-10-16 09:00:00",1,122,22,60,0.219,0.306,0.253,520.9,593.7,549.8
"2014-10-16 09:00:00",1,122,23,10,29.32
"2014-10-16 09:00:00",1,122,31,60,0,0
"2014-10-16 09:00:00",1,122,32,10,NAN
"2014-10-16 09:10:00",1,122,1,10,13.44,20.36,34.3,18.14,0.7500,182.1,0,0,0,0,0,0,1.321,91.4,0,0
"2014-10-16 09:10:00",1,122,4,10,12.81,15.19,0
"2014-10-16 09:10:00",1,122,23,10,31.39
"2014-10-16 09:10:00",1,122,32,10,NAN
"2014-10-16 09:20:00",1,122,1,10,13.1,42.08,61.74,31.75,0.5,171.7,0,0,0,0,0,0,1.25,93,0,0
"2014-10-16 09:20:00",1,122,4,10,12.82,14.88,0
"2014-10-16 09:20:00",1,122,23,10,29.12
"2014-10-16 09:20:00",1,122,32,10,NAN
"2014-10-16 09:30:00",1,122,1,10,13.16,32.58,41.16,22.68,0,0,0,0,0,0,0,0,0.8570,95.5,0,0
"2014-10-16 09:30:00",1,122,4,10,12.82,14.64,0
"2014-10-16 09:30:00",1,122,23,10,26.09
"2014-10-16 09:30:00",1,122,32,10,NAN
"2014-10-16 09:40:00",1,122,1,10,13.2,46.16,61.74,36.28,0,0,0,0,0,0,0,0,0.607,94.5,0,0
"2014-10-16 09:40:00",1,122,4,10,12.82,14.44,0
"2014-10-16 09:40:00",1,122,23,10,26.63
"2014-10-16 09:40:00",1,122,32,10,NAN
"2014-10-16 09:50:00",1,122,1,10,13.5,40.05,54.88,36.28,0,0,0,0,0,0,0,0,0.607,91.5,0,0
"2014-10-16 09:50:00",1,122,4,10,12.83,14.37,0
"2014-10-16 09:50:00",1,122,23,10,27.82
"2014-10-16 09:50:00",1,122,32,10,NAN
"2014-10-16 10:00:00",1,122,1,10,13.84,44.8,61.74,45.35,0.25,127.3,0,0,0,0,0,0,0.7500,86.4,0,0
"2014-10-16 10:00:00",1,122,4,10,12.82,14.32,0
"2014-10-16 10:00:00",1,122,1,60,86.4,0,0
"2014-10-16 10:00:00",1,122,22,60,0.218,0.306,0.252,520.4,593.9,549
"2014-10-16 10:00:00",1,122,23,10,32.04
"2014-10-16 10:00:00",1,122,31,60,0,0
"2014-10-16 10:00:00",1,122,32,10,NAN
"2014-10-16 10:10:00",1,122,1,10,14.01,48.19,68.6,40.82,0.25,159.3,0,0,0,0,0,0,0.5,89.9,0.2,0
"2014-10-16 10:10:00",1,122,4,10,12.82,14.32,0
"2014-10-16 10:10:00",1,122,23,10,29.46
"2014-10-16 10:10:00",1,122,32,10,NAN
"2014-10-16 10:20:00",1,122,1,10,14.18,38.01,48.02,31.75,0,0,0,0,0,0,0,0,0.7500,93.5,0,0
"2014-10-16 10:20:00",1,122,4,10,12.82,14.35,0
"2014-10-16 10:20:00",1,122,23,10,29.86
"2014-10-16 10:20:00",1,122,32,10,NAN
"2014-10-16 10:30:00",1,122,1,10,14.08,42.08,61.74,36.28,0.5,157.6,0,0,0,0,0,0,0.5,87.2000,0,0
"2014-10-16 10:30:00",1,122,4,10,12.82,14.4,0
"2014-10-16 10:30:00",1,122,23,10,28.4
"2014-10-16 10:30:00",1,122,32,10,NAN
"2014-10-16 10:40:00",1,122,1,10,14.08,55.66,82.3,49.89,0.5,153,0,0,0,0,0,0,0.5,89,0,0
"2014-10-16 10:40:00",1,122,4,10,12.82,14.44,0
"2014-10-16 10:40:00",1,122,23,10,27.82
"2014-10-16 10:40:00",1,122,32,10,NAN
"2014-10-16 10:50:00",1,122,1,10,14.32,30.54,41.16,27.21,0,0,0,0,0,0,0,0,1,87.7000,0,0
"2014-10-16 10:50:00",1,122,4,10,12.81,14.52,0
"2014-10-16 10:50:00",1,122,23,10,32.59
"2014-10-16 10:50:00",1,122,32,10,NAN
"2014-10-16 11:00:00",1,122,1,10,13.98,38.01,54.88,36.28,0.5,196.6,0,0,0,0,0,0,0.5,86.7000,0,0
"2014-10-16 11:00:00",1,122,4,10,12.81,14.54,0
"2014-10-16 11:00:00",1,122,1,60,86.7000,0.2,0
"2014-10-16 11:00:00",1,122,22,60,0.219,0.305,0.253,520.7,593.5,549.3
"2014-10-16 11:00:00",1,122,23,10,30.95
"2014-10-16 11:00:00",1,122,31,60,0,0
"2014-10-16 11:00:00",1,122,32,10,NAN
"2014-10-16 11:10:00",1,122,1,10,13.88,69.91,102.9,72.56,0,0,0,0,0,0,0,0,0.5,92,0,0
"2014-10-16 11:10:00",1,122,4,10,12.82,14.54,0
"2014-10-16 11:10:00",1,122,23,10,31.02
"2014-10-16 11:10:00",1,122,32,10,NAN
"2014-10-16 11:20:00",1,122,1,10,14.1,71.95,109.8,77.1,0,0,0,0,0,0,0,0,0.25,91.1,0,0
"2014-10-16 11:20:00",1,122,4,10,12.85,14.61,0
"2014-10-16 11:20:00",1,122,23,10,30.34
"2014-10-16 11:20:00",1,122,32,10,NAN
"2014-10-16 11:30:00",1,122,1,10,14.39,63.13,96,68.03,0,0,0,0,0,0,0,0,0.25,92.5,0,0
"2014-10-16 11:30:00",1,122,4,10,12.83,14.73,0
"2014-10-16 11:30:00",1,122,23,10,28.91
"2014-10-16 11:30:00",1,122,32,10,NAN
"2014-10-16 11:40:00",1,122,1,10,14.32,35.97,54.88,49.89,0.25,157.6,0,0,0,0,0,0,0.571,86.4,0,0
"2014-10-16 11:40:00",1,122,4,10,12.82,14.83,0
"2014-10-16 11:40:00",1,122,23,10,27.65
"2014-10-16 11:40:00",1,122,32,10,NAN
"2014-10-16 11:50:00",1,122,1,10,14.32,32.58,48.02,31.75,0,0,0,0,0,0,0,0,0.7500,89.4,0,0
"2014-10-16 11:50:00",1,122,4,10,12.82,14.88,0
"2014-10-16 11:50:00",1,122,23,10,29.66
"2014-10-16 11:50:00",1,122,32,10,NAN
"2014-10-16 12:00:00",1,122,1,10,14.23,32.58,41.16,31.75,0.25,53.23,0,0,0,0,0,0,0.643,89.7000,0,0
"2014-10-16 12:00:00",1,122,4,10,12.81,14.9,0
"2014-10-16 12:00:00",1,122,1,60,89.7000,0,0
"2014-10-16 12:00:00",1,122,4,240,12.81,14.9
"2014-10-16 12:00:00",1,122,22,60,0.219,0.305,0.253,521.3,593.4,549.5
"2014-10-16 12:00:00",1,122,23,10,28.37
"2014-10-16 12:00:00",1,122,31,60,0,0
"2014-10-16 12:00:00",1,122,32,10,NAN
"2014-10-16 12:10:00",1,122,1,10,14.37,65.84,102.9,72.56,0.5,315.6,0,0,0,0,0,0,0.5,90.5,0,0
"2014-10-16 12:10:00",1,122,4,10,12.83,14.9,0
"2014-10-16 12:10:00",1,122,23,10,27.96
"2014-10-16 12:10:00",1,122,32,10,NAN
"2014-10-16 12:20:00",1,122,1,10,14.81,64.48,96,58.96,0.5,164.9,0,0,0,0,0,0,0.536,84.5,0,0
"2014-10-16 12:20:00",1,122,4,10,12.83,14.95,0
"2014-10-16 12:20:00",1,122,23,10,26.63
"2014-10-16 12:20:00",1,122,32,10,NAN
"2014-10-16 12:30:00",1,122,1,10,15,36.65,48.02,27.21,0.5,160.1,0,0,0,0,0,0,1,83.6,0,0
"2014-10-16 12:30:00",1,122,4,10,12.82,15.07,0
"2014-10-16 12:30:00",1,122,23,10,30.27
"2014-10-16 12:30:00",1,122,32,10,NAN
"2014-10-16 12:40:00",1,122,1,10,15.14,55.66,82.3,49.89,1,191.8,0,0,0,0,0,0,2,80.9,0,0
"2014-10-16 12:40:00",1,122,4,10,12.82,15.14,0
"2014-10-16 12:40:00",1,122,23,10,33.67
"2014-10-16 12:40:00",1,122,32,10,NAN
"2014-10-16 12:50:00",1,122,1,10,15.31,37.33,54.88,31.75,0.7500,163.5,0,0,0,0,0,0,1.5,79.66,0,0
"2014-10-16 12:50:00",1,122,4,10,12.82,15.24,0
"2014-10-16 12:50:00",1,122,23,10,32.99
"2014-10-16 12:50:00",1,122,32,10,NAN
"2014-10-16 13:00:00",1,122,1,10,15.43,39.37,54.88,31.75,0.5,165.6,0,0,0,0,0,0,1.75,79.57,0,0
"2014-10-16 13:00:00",1,122,4,10,12.82,15.34,0
"2014-10-16 13:00:00",1,122,1,60,79.57,0,0
"2014-10-16 13:00:00",1,122,22,60,0.219,0.306,0.253,521.3,593.7,549.5
"2014-10-16 13:00:00",1,122,23,10,34.08
"2014-10-16 13:00:00",1,122,31,60,0,0
"2014-10-16 13:00:00",1,122,32,10,NAN
"2014-10-16 13:10:00",1,122,1,10,15.48,37.33,54.88,31.75,0.25,154.7,0,0,0,0,0,0,1.5,78.9800,0,0
"2014-10-16 13:10:00",1,122,4,10,12.82,15.43,0
"2014-10-16 13:10:00",1,122,23,10,33.67
"2014-10-16